MADX tunes to get correct PyORBIT tunes: 
    nux_madx = 6.18435246252
    nuy_madx = 6.19265241547
